Temp
0xF20D03FC01 0 00100 17 
0xF20D03FC01 1 00100 18
0xF20D03FC01 2 00100 19
0xF20D03FC01 3 00100 20
0xF20D03FC01 4 00100 21
0xF20D03FC01 5 00100 22
0xF20D03FC01 6 00100 23
0xF20D03FC01 7 00100 24
0xF20D03FC01 8 00100 25
0xF20D03FC01 9 00100 26
0xF20D03FC01 A 00100 27
0xF20D03FC01 B 00100 28
0xF20D03FC01 C 00100 29
0xF20D03FC01 D 00100 30

Fun Speed
0xF20D03FC01D0 0 100 Auto
0xF20D03FC01D0 4 100 Fun 1
0xF20D03FC01D0 6 100 Fun 2
0xF20D03FC01D0 8 100 Fun 3
0xF20D03FC01D0 A 100 Fun 4
0xF20D03FC01D0 C 100 Fun 5

Mode
0xF20D03FC01D 00 0 00 Auto
0xF20D03FC01D 00 1 00 Cool
0xF20D03FC01D 00 2 00 Dry
0xF20D03FC01D 00 3 00 Heat
0xF20D03FC01D 00 4 00 Fun
0xF20D03FC01D 00 7 00 Ac-Off

Special
0xF20D0 4 FB0 9 D04100 Power Saving On
0xF20D0 3 FC0 1 D04100 Power Saving Off

0xF20D0 3FC01D00000 Timer Off 0.5?
0xF20D0 5FA03D00000 Timer On  0.5
0xF20D0 5FA03D00000
0xF20D0 5FA03D00000
0xF20D0 5FA03D00000

0xF20D03FC01700700
0xF20D03FC01D00700
0xF20D03FC01D00100

0xF20D 05FA 03700100




0000 006D 0094 0000 


00AB 00A6
0018 003C 0018 003C 0018 003C 0018 003C 0018 0014 0016 0015 0016 003E 0016 0015 - 11110010 F2 - 1
0016 0015 0016 0016 0014 0016 0014 0016 0015 003E 0016 003E 0016 0016 0015 003E - 00001101 0D - 2
0016 0016 0014 0016 0015 0016 0015 0016 0015 0016 0015 0016 0014 003E 0016 003E - 00000011 03 - 3
0016 003E 0016 003E 0016 003E 0016 003E 0016 003E 0016 003E 0016 0016 0015 0016 - 11111100 FC - 4
0015 0016 0015 0016 0015 0016 0014 0016 0015 0016 0014 0016 0015 0016 0014 003E - 00000001 01 - 5
0016 0016 0014 003E 0016 003E 0016 003E 0016 0016 0015 0016 0015 0016 0014 0016 - 01110000 70 - 6
0015 0016 0014 003E 0016 0016 0014 0016 0015 0016 0015 0016 0015 0016 0015 003E - 01000001 41 - 7
0016 0016 0015 0016 0014 0015 0015 0015 0015 0016 0015 0015 0016 0016 0015 0016 - 00000000 00 - 8
0015 0015 0015 0016 0015 003E 0016 003E 0016 0015 0016 0015 0015 0016 0015 0015 - 00110000 30 - 9

0015 

Pause --- 0101 

00A9 00A8 
0016 003E 0016 003E 0016 003E 0016 003E 0016 0015 0016 0015 0015 003E 0016 0015 
0015 0015 0015 0015 0015 0015 0015 0015 0016 003E 0016 003E 0016 0015 0015 003E 
0016 0015 0016 0015 0015 0015 0015 0015 0016 0015 0015 0015 0016 003E 0016 003E 
0016 003E 0016 003E 0016 003E 0016 003E 0016 003E 0016 003E 0015 0015 0016 0015 
0015 0015 0015 0015 0016 0015 0016 0015 0016 0015 0016 0015 0016 0015 0016 003E 
0016 0015 0016 003E 0016 003E 0016 003E 0016 0015 0016 0015 0015 0015 0015 0015 
0016 0015 0015 003E 0016 0015 0015 0015 0015 0015 0016 0015 0016 0015 0016 003F 
0016 0015 0016 0015 0016 0015 0016 0015 0016 0015 0016 0015 0016 0015 0016 0015 
0016 0015 0015 0015 0016 003E 0016 003E 0016 0015 0016 0015 0016 0015 0016 0015 
0015 

pause 0181 


0000 006D 00B4 0000 

00AB 00A6 

0018 003C 0018 003C 0018 003C 0018 003C 0018 0014 0016 0014 0016 003E 0016 0015 - 1
0016 0015 0016 0016 0014 0016 0015 0016 0015 003E 0016 003E 0016 0016 0015 003E - 2
0016 0016 0015 0016 0015 0016 0015 0016 0014 0016 0015 003E 0016 0016 0015 003E - 3
0016 003E 0016 003E 0016 003E 0016 003E 0016 003E 0016 0016 0015 003E 0016 0016 - 4
0015 0016 0015 0016 0015 0016 0015 0016 0015 0016 0015 0016 0015 003E 0016 003E - 5
0016 003E 0016 0016 0015 0016 0015 0016 0015 0016 0015 0016 0015 0016 0015 0016 - 6
0015 0016 0015 0016 0015 0016 0015 0016 0014 0016 0015 0016 0015 0016 0015 003E - 7
0016 0016 0015 0016 0015 0016 0014 0016 0015 0016 0015 0016 0015 0016 0015 0016 - 8
0015 0016 0015 0016 0015 0016 0015 0016 0015 0016 0015 0016 0015 0016 0015 003E - 9
0016 0016 0015 003E 0016 003E 0016 003E 0016 003E 0016 003E 0016 003E 0016 003E - 10
0016 003E 0016 003E 0016 003E 0016 003E 0016 003E 0016 003E 0016 0016 0015 0015 - 11
0015 0101 

00A9 00A8 

0016 003E 0016 003E 0016 003E 0016 003E 0016 0015 0016 0015 0016 003E 0016 0016 - 1
0015 0015 0015 0016 0015 0015 0016 0015 0016 003E 0016 003E 0016 0015 0016 003E - 2
0016 0015 0016 0015 0016 0015 0015 0015 0016 0015 0016 003E 0016 0015 0015 003E - 3
0016 003E 0016 003E 0016 003E 0016 003E 0016 003E 0016 0015 0016 003E 0016 0015 - 4
0016 0015 0016 0015 0016 0015 0016 0015 0016 0015 0016 0015 0016 003E 0016 003E - 5
0016 003E 0016 0015 0016 0015 0016 0015 0016 0015 0016 0015 0016 0015 0016 0015 - 6
0016 0015 0016 0015 0016 0015 0016 0015 0016 0015 0016 0015 0016 0015 0016 003E - 7
0016 0015 0016 0015 0016 0015 0016 0015 0016 0015 0016 0015 0016 0015 0016 0015 - 8
0016 0015 0016 0015 0016 0015 0016 0015 0016 0015 0016 0015 0016 0015 0016 003E - 9
0016 0015 0015 003E 0015 003E 0015 003E 0016 003E 0016 003E 0016 003E 0016 003F - 10
0015 003E 0015 003F 0015 003E 0016 003F 0015 003F 0015 003F 0015 0016 0015 0016 - 11

0015 0181 

0000 006D 003A 0000 

00AA 00A7 
0017 003D 0017 003D 0018 003C 0018 003C 0017 0015 0016 0015 0016 003E 0016 0015 
0016 0016 0015 0016 0014 0016 0014 0016 0015 003E 0016 003E 0016 0016 0015 003E 
0016 0016 0015 0016 0014 0016 0014 0016 0014 0016 0015 0016 0015 0016 0015 003E 
0016 003E 0016 003E 0016 003E 0016 003E 0016 003E 0016 003E 0016 003E 0016 0016 
0015 0016 0014 0016 0015 003E 0016 0016 0015 0016 0014 0016 0015 0016 0014 003E 
0016 0016 0014 0016 0014 0016 0014 0016 0015 0016 0014 0016 0014 0016 0015 0016 
0015 0016 0015 0016 0014 003E 0016 0016 0015 0016 0015 0016 0014 0016 0015 003E 
0016 0181 


0000 006D 00C1 0000 

00AA 00A7 
0017 003D 0018 003C 0018 003C 0017 003D 0017 0015 0016 0015 0016 003E 0016 0015 
0016 0016 0015 0016 0014 0016 0015 0016 0015 003E 0016 003E 0016 0016 0014 003E 
0016 0016 0015 0016 0014 0016 0015 0016 0014 0016 0015 003E 0016 003E 0016 0016 
0015 003E 0016 003E 0016 003E 0016 003E 0016 003E 0016 0016 0014 0016 0014 003E 
0016 0016 0015 0016 0014 0016 0015 0016 0015 003E 0016 0016 0015 003E 0016 003E 
0016 003E 0016 003E 0016 0016 0014 003E 0016 0016 0014 0016 0015 0016 0015 0016 
0015 0016 0015 0016 0015 0016 0014 0016 0015 0016 0015 0016 0015 0016 0014 003E 
0016 0016 0015 0016 0015 0016 0015 0016 0015 0016 0015 0016 0015 0016 0015 0016 
0015 0016 0014 0016 0015 0016 0014 0016 0015 0016 0015 0016 0015 0016 0015 003E 
0016 0016 0015 003E 0016 003E 0016 003E 0016 003E 0016 003E 0016 003E 0016 003E 
0016 0016 0015 0016 0015 0016 0015 0016 0015 0016 0015 0016 0015 003E 0016 003E 
0016 003E 0016 0016 0014 003E 0016 0016 0015 0016 0014 003E 0016 003E 0015 003E 
0016 0101 

00A9 00A8 
0016 003E 0016 003E 0016 003E 0016 003E 0016 0016 0015 0016 0015 003E 0016 0016 
0015 0016 0014 0016 0015 0016 0015 0016 0015 003E 0016 003E 0016 0016 0015 003F 
0015 0016 0015 0016 0014 0016 0015 0016 0015 0016 0015 003E 0016 003E 0016 0016 
0015 003E 0016 003E 0016 003E 0016 003E 0016 003E 0016 0016 0015 0016 0015 003E 
0015 0016 0015 0015 0016 0016 0015 0016 0015 003E 0016 0016 0015 003F 0015 003E 
0016 003F 0015 003F 0015 0015 0016 003F 0015 0016 0015 0016 0015 0016 0014 0016 
0014 0015 0016 0016 0015 0016 0014 0016 0015 0016 0014 0016 0015 0016 0015 003F 
0014 0016 0015 0016 0015 0016 0014 0016 0014 0016 0015 0016 0014 0016 0015 0016 
0015 0016 0015 0016 0015 0016 0015 0016 0014 0016 0015 0016 0014 0016 0015 003F 
0015 0016 0015 003F 0015 003F 0015 003F 0014 003F 0014 003F 0014 003F 0015 003F 
0015 0016 0015 0016 0015 0016 0014 0016 0015 0016 0015 0016 0014 003F 0015 003F 
0014 003F 0015 0016 0015 003F 0015 0016 0015 

0016 0180 


Start 
11110010 F2 242 - 15 02 <-> 01001111 4F 079 - 04 15
00001101 0D 013 - 00 13 <-> 10110000 B0 176 - 11 00
00000011 03 003 - 00 03 <-> 11000000 C0 192 - 12 00
11111100 FC 252 - 15 12 <-> 00111111 3F 063 - 03 15
00000001 01 001 - 00 01 <-> 10000000 80 128 - 08 00
01110000 70 112 - 07 00 <-> 00001110 0F 014 - 00 15
01000111 47 071 - 04 07 <-> 11100010 E2 226 - 14 02
00000000 00 000 - 00 00 <-> 00000000 00 000 - 00 00
00110110 36 054 - 03 06 <-> 01101100 6C 108 - 06 12
END




HEX Us

171 166

00AB 00A6
0018 003C 0018 003C 0018 003C 0018 003C 0018 0014 0016 0015 0016 003E 0016 0015 - 11110010 F2
0016 0015 0016 0016 0014 0016 0014 0016 0015 003E 0016 003E 0016 0016 0015 003E - 00001101 0D
0016 0016 0014 0016 0015 0016 0015 0016 0015 0016 0015 0016 0014 003E 0016 003E - 00000011 03
0016 003E 0016 003E 0016 003E 0016 003E 0016 003E 0016 003E 0016 0016 0015 0016 - 11111100 FC
0015 0016 0015 0016 0015 0016 0014 0016 0015 0016 0014 0016 0015 0016 0014 003E - 00000001 01
0016 0016 0014 003E 0016 003E 0016 003E 0016 0016 0015 0016 0015 0016 0014 0016 - 01110000 70
0015 0016 0014 003E 0016 0016 0014 0016 0015 0016 0015 0016 0015 0016 0015 003E - 01000001 47
0016 0016 0015 0016 0014 0015 0015 0015 0015 0016 0015 0015 0016 0016 0015 0016 - 00000000 00
0015 0015 0015 0016 0015 003E 0016 003E 0016 0015 0016 0015 0015 0016 0015 0015 - 00110000 30

0015 
